Lasiurus cinereus msats																												
npops = 1																												
nloci = 14																												
	LAS4206AC		LAS6266AG		LAS7831AC		LAS8539AC		LAS8830AC		LAS8843AC		LAS8953AC		LAS9084AC		LAS9141AC		LAS9290AC		LAS9524AC		LAS9555AG		LAS9613AC		LAS9618AC	
pop =L.cinereus																												
DNA_1	276	278	?	?	429	435	194	200	265	267	150	154	351	359	448	448	304	310	378	384	386	410	482	484	181	203	?	?
DNA_10	276	276	317	323	401	425	198	200	265	267	156	162	349	353	448	448	302	310	378	382	386	404	480	482	187	189	171	183
DNA_100	278	286	305	323	419	435	198	200	265	267	162	162	349	359	448	448	300	310	382	384	386	392	474	488	189	203	179	179
DNA_101	274	276	305	313	407	419	194	198	265	267	164	166	355	355	448	448	308	310	382	386	386	404	484	484	193	195	159	179
DNA_102	274	276	313	323	413	433	198	200	247	267	154	164	349	357	448	448	310	310	384	388	386	396	482	490	187	189	177	179
DNA_103	274	276	?	?	?	?	?	?	265	265	150	164	?	?	448	448	308	310	380	384	412	424	?	?	191	199	?	?
DNA_104	276	278	323	323	425	431	196	200	269	271	162	164	333	349	448	448	304	308	384	386	394	394	470	486	189	203	175	183
DNA_105	270	274	305	331	421	431	196	202	247	271	154	164	357	357	448	448	300	300	374	388	388	394	476	476	193	201	173	173
DNA_106	276	280	309	315	419	431	184	196	263	267	154	164	359	361	448	448	300	304	368	382	394	394	474	478	187	193	169	173
DNA_107	274	274	315	327	425	427	200	204	247	269	162	164	357	359	448	448	312	318	374	384	386	404	470	482	187	203	173	179
DNA_108	274	274	317	325	419	419	204	208	261	265	162	168	355	359	448	448	300	304	372	376	410	410	472	480	199	205	169	175
DNA_109	274	276	305	305	419	433	200	200	247	263	162	164	351	355	448	448	300	314	382	396	396	410	476	476	185	207	173	179
DNA_11	274	274	311	325	405	407	196	202	263	265	162	164	349	357	448	448	300	314	368	384	386	404	480	502	185	187	167	177
DNA_110	274	276	309	323	421	427	198	200	261	269	164	164	333	359	448	448	310	310	380	388	386	404	480	496	193	193	159	183
DNA_111	274	274	317	325	419	425	200	202	261	265	152	164	357	373	448	448	308	310	368	384	410	410	458	508	193	195	169	183
DNA_112	274	274	?	?	425	425	196	200	263	273	160	162	349	357	448	448	300	302	356	380	400	406	476	476	189	201	?	?
DNA_113	274	276	315	325	419	433	200	204	257	263	162	164	349	353	448	448	300	312	356	382	386	396	480	486	189	191	171	171
DNA_114	274	274	311	317	419	431	194	196	263	273	162	162	349	361	448	448	300	312	356	384	396	400	482	482	191	197	171	173
DNA_115	274	274	325	325	421	435	198	202	273	273	162	164	337	351	448	448	300	302	376	380	394	410	476	486	189	191	177	177
DNA_116	274	286	317	317	419	433	194	198	265	267	164	170	349	357	448	448	300	300	380	382	394	406	480	494	197	199	171	183
DNA_117	274	278	307	309	419	419	196	206	263	267	150	162	351	359	448	448	302	318	380	380	392	410	476	478	189	193	167	175
DNA_118	274	274	321	327	425	425	196	200	263	273	160	162	349	357	448	448	300	302	356	380	400	406	476	476	189	201	173	181
DNA_119	274	274	311	317	429	431	198	200	267	271	162	162	349	349	448	448	306	310	380	382	392	396	478	482	191	193	159	171
DNA_12	274	278	311	329	425	433	196	206	263	265	154	158	355	363	448	448	300	310	358	386	386	394	480	482	185	187	173	175
DNA_120	274	280	?	?	?	?	?	?	261	267	154	164	?	?	448	448	302	312	384	386	392	400	?	?	191	199	?	?
DNA_121	276	282	303	303	427	433	196	204	273	275	164	164	351	359	448	448	306	308	386	386	386	412	476	484	187	191	159	165
DNA_122	276	278	303	329	425	435	194	198	247	269	160	160	359	361	448	448	308	310	382	386	386	404	464	470	197	199	171	173
DNA_123	276	276	295	311	419	425	198	202	263	265	158	162	355	355	448	448	304	312	380	382	386	394	482	482	187	195	173	175
DNA_124	274	278	307	321	415	423	184	200	267	267	164	164	349	355	448	448	302	314	380	386	386	388	470	486	193	193	175	175
DNA_125	276	276	311	325	419	427	200	200	265	265	162	168	349	353	448	448	310	312	384	388	408	414	478	482	199	205	169	175
DNA_126	274	276	305	319	419	425	200	200	267	267	154	156	355	357	448	448	306	312	380	386	388	408	488	488	187	189	169	181
DNA_127	278	280	317	319	409	431	196	200	261	269	156	164	355	373	448	448	306	310	376	384	410	414	476	478	189	197	159	181
DNA_128	274	274	305	329	419	429	200	200	267	269	164	164	357	363	448	448	310	318	380	386	390	410	480	486	185	195	175	175
DNA_129	276	276	307	309	425	431	196	200	263	265	164	164	337	343	448	448	300	310	354	380	394	410	470	476	193	207	159	177
DNA_13	274	276	303	329	415	423	192	200	263	265	158	160	355	359	448	448	300	310	368	384	386	388	460	482	189	195	165	173
DNA_130	274	274	305	309	431	439	196	200	267	267	158	164	355	355	448	448	306	308	366	388	400	414	478	482	195	197	175	175
DNA_131	276	276	315	327	419	431	198	204	267	269	154	164	353	361	448	448	310	310	382	382	386	386	480	484	185	201	173	177
DNA_132	274	276	305	331	423	427	196	200	265	265	162	162	357	359	448	448	300	302	370	382	386	414	472	478	189	193	173	173
DNA_133	274	274	303	323	419	419	184	206	263	265	162	164	355	357	448	448	304	306	384	386	390	412	490	490	199	209	169	169
DNA_134	274	274	303	323	407	419	196	204	261	269	162	164	351	357	448	448	300	304	374	376	388	394	464	474	175	187	161	177
DNA_135	274	276	303	323	421	421	200	204	261	271	154	162	351	355	448	448	310	310	368	384	386	386	464	488	181	191	161	177
DNA_136	276	278	307	317	417	421	196	206	265	271	156	162	355	355	448	448	300	316	374	380	386	386	456	484	191	195	?	?
DNA_137	274	274	305	311	419	427	196	204	261	267	160	164	349	359	448	448	310	314	376	380	386	386	482	486	181	197	159	177
DNA_138	274	274	311	327	419	423	198	198	265	273	160	164	349	361	448	448	302	310	356	384	386	394	478	482	187	199	175	177
DNA_139	274	274	315	317	431	433	198	200	265	267	150	154	355	357	448	448	300	316	386	386	410	412	452	492	191	199	159	179
DNA_14	274	276	311	319	407	437	200	206	249	265	164	164	357	361	448	448	310	310	382	384	416	416	456	482	185	193	165	173
DNA_140	274	276	325	327	431	433	192	196	263	267	156	162	349	359	448	448	300	304	382	382	386	412	464	472	187	199	179	181
DNA_141	274	276	315	319	417	419	198	206	267	271	156	164	349	355	448	448	308	310	372	380	392	416	466	484	185	199	171	175
DNA_142	274	276	325	327	429	449	196	204	267	267	162	164	353	359	448	448	302	316	382	386	386	414	488	488	189	207	165	173
DNA_143	276	276	303	325	407	425	198	208	267	267	160	164	361	361	448	448	302	314	370	382	386	386	466	480	171	199	181	181
DNA_144	274	274	311	313	431	433	198	208	263	265	162	164	355	361	448	448	300	310	378	378	410	412	484	486	191	197	159	175
DNA_145	274	286	313	315	419	419	198	202	247	257	150	164	355	359	448	448	310	316	382	384	386	402	472	474	185	197	173	177
DNA_146	274	274	309	323	429	437	198	204	265	273	162	164	359	359	448	448	302	310	370	388	398	416	486	500	189	191	173	177
DNA_147	274	274	315	325	407	419	196	198	267	273	162	164	357	359	448	448	310	310	374	376	396	410	484	488	197	199	159	175
DNA_148	274	274	309	329	419	427	200	202	261	265	162	164	347	371	448	448	302	310	356	358	386	386	464	482	187	191	167	177
DNA_149	274	276	325	329	425	435	200	200	265	267	160	162	351	355	448	448	306	310	382	382	406	408	478	486	187	189	159	173
DNA_15	274	274	305	307	421	423	196	198	267	267	162	162	351	363	448	448	302	302	366	382	392	412	472	478	191	191	?	?
DNA_150	274	276	317	319	417	423	194	196	267	273	162	164	353	357	448	448	308	310	386	386	386	394	444	468	187	199	159	179
DNA_151	274	278	315	325	425	433	200	202	265	269	162	164	353	359	448	448	306	310	378	384	406	418	482	486	199	199	173	173
DNA_152	274	274	307	311	425	425	202	202	261	271	162	162	353	359	448	448	310	314	356	382	386	394	476	488	193	193	161	169
DNA_153	274	274	311	315	429	433	194	196	267	273	162	164	349	359	448	448	300	304	368	382	404	406	474	480	187	193	171	173
DNA_154	274	274	321	327	419	425	192	198	263	269	150	162	355	363	448	448	302	318	370	376	386	394	470	472	185	213	171	177
DNA_155	274	276	311	313	419	433	198	202	265	267	156	164	353	353	448	448	300	310	368	378	386	400	478	478	187	195	177	179
DNA_156	274	286	311	327	419	433	196	216	247	271	158	160	351	359	448	448	300	310	374	378	392	396	466	480	191	193	171	177
DNA_157	274	276	307	325	419	433	204	212	267	267	154	162	349	357	448	448	308	310	376	384	386	412	480	494	197	199	165	171
DNA_158	274	276	319	321	419	419	200	204	261	265	156	170	353	363	448	448	306	312	370	372	406	410	482	488	189	193	179	179
DNA_159	274	278	305	317	407	429	196	206	259	269	154	164	351	353	448	448	310	312	366	388	394	400	468	536	185	191	171	177
DNA_16	274	274	303	303	419	433	202	204	259	261	162	164	355	355	448	448	308	310	370	384	386	412	474	484	193	205	175	175
DNA_160	274	280	315	325	429	433	194	198	257	259	162	162	361	361	448	448	310	312	356	378	406	410	486	488	193	205	169	173
DNA_161	274	274	303	323	419	419	200	204	265	271	164	164	337	359	448	448	300	318	380	388	398	400	476	516	181	193	159	173
DNA_162	274	274	311	325	409	419	198	202	265	265	156	164	357	361	448	448	300	306	376	386	396	412	474	480	195	197	173	181
DNA_163	274	274	305	325	417	435	200	200	265	271	162	164	347	353	448	448	310	310	380	384	386	386	484	488	191	197	159	161
DNA_164	274	274	319	323	421	423	196	198	269	269	164	164	359	363	448	448	300	310	382	388	388	404	468	476	187	187	177	177
DNA_165	276	276	305	331	419	435	198	202	249	265	160	164	353	357	448	448	300	300	374	384	386	386	480	490	181	197	159	159
DNA_166	278	278	307	311	415	437	200	204	265	267	160	164	349	357	448	448	308	314	378	380	386	396	482	508	195	201	175	183
DNA_167	274	276	305	323	425	439	196	204	263	263	150	164	355	359	448	448	300	314	370	382	390	406	474	476	189	201	171	173
DNA_168	274	278	309	321	421	433	198	198	265	267	156	164	353	355	448	448	308	310	372	382	394	402	474	478	189	197	171	181
DNA_169	274	274	307	311	431	435	198	206	263	265	150	162	349	357	448	448	300	306	384	386	406	412	478	482	193	199	173	173
DNA_170	274	280	323	327	431	431	196	206	265	265	162	162	351	363	448	448	300	314	376	382	394	400	480	482	185	195	159	175
DNA_171	274	274	317	317	419	425	206	208	267	273	164	176	353	367	448	448	304	306	372	376	388	406	484	486	191	197	169	177
DNA_172	274	276	305	313	409	427	202	204	263	269	154	154	355	357	448	448	310	312	368	390	396	414	480	486	185	197	169	173
DNA_173	274	294	319	321	415	419	196	198	247	265	162	162	353	359	448	448	302	308	358	384	394	396	456	478	197	203	159	175
DNA_174	274	276	303	309	419	419	208	210	247	265	162	162	357	369	448	448	300	310	374	382	396	408	490	496	187	187	177	177
DNA_175	268	274	303	325	429	449	196	210	267	271	154	170	349	355	448	448	310	312	380	380	386	394	460	484	185	191	159	171
DNA_176	274	274	315	325	429	435	196	200	263	267	164	164	351	355	448	448	308	310	372	380	388	390	480	484	191	197	169	173
DNA_177	274	274	305	321	437	437	196	204	247	269	162	164	351	357	448	448	310	310	358	384	404	412	474	476	195	213	173	175
DNA_178	278	280	303	319	407	419	198	198	267	269	160	164	357	361	448	448	302	304	382	384	388	390	488	488	183	207	175	177
DNA_179	274	274	307	325	405	435	196	210	265	267	154	164	349	357	448	448	306	310	358	388	392	408	472	484	191	193	?	?
DNA_18	274	274	305	329	419	419	204	210	267	269	156	156	349	353	448	448	306	308	386	386	386	394	466	476	193	195	173	173
DNA_180	274	276	317	321	419	421	198	204	267	269	160	164	353	357	448	448	300	302	356	374	386	410	478	512	185	207	161	177
DNA_181	274	276	305	327	419	421	198	198	267	267	150	164	355	359	448	448	312	314	380	382	416	418	476	484	191	209	179	183
DNA_182	274	274	303	317	425	431	198	202	265	271	162	164	357	359	448	448	306	310	370	376	408	418	478	478	191	193	169	173
DNA_183	274	274	311	311	419	423	196	202	263	265	154	162	353	365	448	448	312	314	370	382	386	390	476	484	187	189	159	177
DNA_184	274	276	307	307	405	421	198	200	265	271	160	160	349	357	448	448	300	308	356	386	386	394	452	486	201	207	173	173
DNA_185	274	276	327	327	403	427	194	196	263	267	164	164	353	355	448	448	300	320	378	384	388	396	474	478	197	199	173	179
DNA_186	274	278	295	315	411	419	200	202	269	269	162	164	357	361	448	448	300	316	380	382	394	402	474	480	181	195	159	171
DNA_187	274	276	317	319	421	429	198	200	265	267	162	164	353	355	448	448	300	308	382	388	386	408	480	488	195	197	161	181
DNA_188	274	276	321	323	419	425	194	198	267	269	156	164	349	353	448	448	314	316	384	386	390	394	486	486	193	197	?	?
DNA_189	274	274	307	323	421	423	198	206	261	265	164	164	353	359	448	448	310	312	378	386	410	410	474	480	189	201	175	181
DNA_19	274	276	309	327	417	431	198	206	247	273	150	164	357	357	448	448	308	312	380	382	394	396	474	482	181	199	171	181
DNA_191	274	274	315	323	423	431	198	200	265	265	154	164	353	355	448	448	306	310	378	380	386	412	478	482	189	193	167	173
DNA_192	290	300	277	277	421	421	182	182	255	277	178	224	345	359	448	448	304	304	374	380	400	404	480	482	171	189	173	173
DNA_193	274	276	305	305	419	421	202	204	261	265	162	164	337	349	448	448	302	310	378	392	386	386	466	486	209	235	159	173
DNA_194	274	274	303	329	423	433	202	204	259	269	156	156	349	359	448	448	310	310	376	382	386	410	468	480	189	209	169	177
DNA_195	274	274	315	323	407	433	196	202	?	?	154	164	353	357	448	448	314	316	378	378	404	412	470	472	185	197	173	175
DNA_196	274	274	305	325	423	433	196	200	261	265	160	162	357	361	448	448	300	308	380	382	390	406	476	478	187	193	?	?
DNA_197	274	274	323	325	?	?	194	200	257	271	156	164	351	355	448	448	308	308	?	?	386	386	?	?	189	197	173	175
DNA_198	274	276	313	325	427	433	196	198	261	265	158	162	349	353	448	448	300	314	368	382	390	410	476	478	187	193	175	177
DNA_199	274	276	305	311	407	425	196	198	265	269	158	162	355	359	448	448	310	312	370	386	398	410	482	482	191	193	167	169
DNA_2	274	274	317	327	429	429	200	206	265	271	154	166	355	357	448	448	300	310	374	380	404	404	454	484	195	199	173	179
DNA_20	276	278	315	319	431	431	196	196	267	271	162	164	359	359	448	448	300	308	366	384	392	410	474	476	197	199	175	177
DNA_200	274	274	297	315	431	433	196	196	273	273	160	160	353	363	448	448	300	310	382	384	402	408	478	480	187	193	161	173
DNA_201	274	276	315	323	419	427	206	214	261	261	160	168	357	363	448	448	300	312	378	384	394	410	474	474	193	201	171	183
DNA_202	274	276	323	333	417	423	192	208	265	267	162	164	353	357	448	448	310	314	368	380	386	394	478	484	185	193	159	177
DNA_203	276	278	303	313	429	435	196	204	267	273	154	164	357	357	448	448	310	312	380	382	390	394	476	478	191	209	159	179
DNA_204	274	274	317	323	407	425	198	200	265	271	162	164	353	365	448	448	304	312	380	384	404	412	480	480	189	203	171	177
DNA_205	276	276	323	327	419	435	196	202	265	271	164	164	349	353	448	448	300	310	376	386	398	404	482	484	195	207	173	177
DNA_206	274	274	311	321	415	435	196	202	267	267	154	162	359	363	448	448	314	314	376	380	386	412	478	478	197	207	161	173
DNA_207	274	278	305	305	419	431	200	204	263	263	164	170	355	361	448	448	300	318	374	384	386	412	476	480	187	209	173	179
DNA_208	274	276	317	319	425	425	200	212	267	267	162	164	355	355	448	448	302	314	376	378	396	396	480	486	195	195	173	179
DNA_209	274	274	307	317	419	425	204	208	261	269	160	164	359	363	448	448	306	306	368	384	404	414	458	476	187	193	165	169
DNA_21	274	274	311	313	419	419	198	208	263	267	162	162	351	357	448	448	310	312	378	384	396	412	482	490	197	199	173	177
DNA_210	274	274	325	325	419	439	200	200	263	275	154	154	343	349	448	448	302	308	384	388	390	412	472	488	187	189	181	183
DNA_211	274	274	321	323	425	427	196	200	247	265	162	162	349	359	448	448	306	312	378	380	386	390	466	480	205	209	175	179
DNA_212	274	274	311	315	419	433	196	200	267	267	154	162	349	357	448	448	310	314	368	370	388	402	476	482	199	201	177	181
DNA_213	274	276	315	323	425	433	200	202	265	271	156	158	349	357	448	448	300	310	374	384	396	410	476	480	187	191	165	177
DNA_214	276	278	311	329	405	433	192	194	261	263	158	164	351	367	448	448	300	314	372	374	?	?	462	476	191	225	161	171
DNA_215	274	274	313	319	401	407	196	200	263	265	158	168	335	353	448	448	308	310	364	386	392	406	470	474	195	199	173	179
DNA_216	274	276	311	325	417	433	202	210	265	265	156	164	351	351	448	448	300	310	380	386	394	420	478	482	189	199	161	167
DNA_217	274	276	307	329	407	429	198	202	265	273	150	164	353	361	448	448	310	314	380	380	386	396	454	480	193	203	159	169
DNA_218	274	278	?	?	?	?	?	?	265	267	162	164	?	?	448	448	310	314	380	386	392	396	?	?	189	197	?	?
DNA_219	274	278	305	305	407	423	196	198	265	267	158	170	355	355	448	448	312	314	364	370	398	418	476	482	193	195	161	177
DNA_22	274	276	317	317	431	441	198	200	265	269	150	162	343	359	448	448	300	308	366	380	386	396	478	480	191	197	167	173
DNA_228	274	276	313	321	425	429	200	206	265	267	162	164	349	365	448	448	300	316	382	384	406	412	458	488	191	191	165	181
DNA_229	274	274	303	305	399	419	?	?	267	267	164	164	337	357	448	448	300	304	370	388	386	410	474	476	193	197	169	179
DNA_23	274	276	305	311	419	433	206	214	261	263	162	164	361	365	448	448	300	316	370	388	388	390	478	480	183	191	171	177
DNA_230	274	278	319	327	407	421	202	204	269	273	164	170	355	367	448	448	300	302	378	390	392	408	478	478	191	193	171	173
DNA_231	274	274	311	329	401	429	196	198	265	267	150	162	353	357	448	448	300	310	380	382	386	388	474	486	189	189	171	179
DNA_232	276	276	317	319	435	437	194	198	247	271	150	164	353	355	448	448	306	314	378	382	386	408	474	476	189	197	159	171
DNA_233	274	276	311	319	419	423	192	192	261	269	164	164	351	359	448	448	310	310	378	388	410	412	470	486	187	193	175	177
DNA_234	274	276	303	317	419	435	196	208	259	261	162	164	349	353	448	448	306	312	380	384	400	404	480	482	187	197	169	171
DNA_235	274	276	307	319	417	425	194	200	267	269	164	164	349	351	448	448	304	308	384	386	408	412	458	480	183	201	173	173
DNA_236	274	276	303	311	431	431	202	204	265	271	158	162	359	367	448	448	300	306	378	382	386	406	452	484	191	203	161	177
DNA_237	274	274	305	325	405	419	196	202	265	267	162	168	351	357	448	448	310	318	368	382	398	408	480	484	189	207	175	175
DNA_238	274	276	305	319	427	431	196	200	247	267	154	162	349	359	448	448	306	308	374	384	386	408	480	508	195	197	161	167
DNA_239	276	276	295	311	419	437	192	198	269	269	164	164	355	355	448	448	300	310	384	386	386	406	476	482	187	191	161	169
DNA_24	274	274	311	317	429	437	192	196	265	267	156	162	351	351	448	448	302	308	382	386	388	398	476	488	185	199	171	181
DNA_240	274	274	311	329	419	427	202	210	267	267	150	164	359	359	448	448	306	308	382	384	386	410	462	476	183	197	173	175
DNA_241	276	278	319	321	419	427	198	200	267	273	164	164	351	355	448	448	300	302	378	380	408	414	460	472	187	191	173	173
DNA_242	274	278	325	327	421	433	196	204	261	277	160	170	349	349	448	448	306	318	378	378	388	388	468	472	185	187	173	175
DNA_243	274	274	305	311	419	419	200	210	267	271	160	164	351	365	448	448	300	304	384	394	386	400	452	482	193	209	173	177
DNA_244	274	274	319	323	419	433	196	198	265	267	164	164	355	357	448	448	300	306	372	376	386	400	472	480	189	197	171	179
DNA_245	274	274	315	319	419	431	198	202	261	267	160	162	351	357	448	448	300	300	376	382	386	410	472	480	199	199	165	171
DNA_246	274	276	317	319	419	431	192	204	265	267	162	164	355	363	448	448	308	316	376	386	386	404	470	482	189	193	167	167
DNA_247	?	?	311	313	407	429	200	200	259	267	164	164	349	359	448	448	302	308	368	380	386	400	450	474	189	199	179	179
DNA_248	274	274	303	321	419	419	194	198	263	265	156	164	351	357	448	448	300	310	378	384	402	404	448	476	189	197	175	177
DNA_249	274	274	317	323	407	435	198	198	259	263	164	168	367	367	448	448	306	310	380	382	394	398	474	492	197	201	173	175
DNA_25	274	274	307	311	425	427	194	202	265	265	154	162	349	349	448	448	308	310	370	378	408	420	478	478	189	195	175	181
DNA_250	276	276	305	327	419	431	198	198	263	265	150	162	355	355	448	448	300	310	384	386	410	418	460	476	191	203	159	179
DNA_251	274	274	303	315	427	431	202	204	263	271	162	164	357	359	448	448	300	312	356	382	386	410	480	484	193	193	165	171
DNA_252	274	276	305	329	429	431	198	200	269	271	162	162	355	357	448	448	300	312	380	384	386	396	478	486	171	189	185	185
DNA_253	274	274	313	315	433	433	?	?	255	267	156	156	351	359	448	448	306	314	382	384	394	408	478	492	189	191	159	177
DNA_254	274	276	323	327	407	417	192	198	265	271	164	164	349	357	448	448	310	314	358	364	408	414	464	478	189	201	167	173
DNA_255	274	278	307	325	431	439	198	204	265	267	158	162	349	355	448	448	300	302	356	374	402	416	484	488	195	207	159	179
DNA_256	274	274	305	323	405	427	192	200	261	265	162	164	355	357	448	448	308	318	358	384	386	414	470	486	189	191	173	175
DNA_26	276	278	303	311	431	433	192	204	267	271	162	170	351	351	448	448	300	314	384	388	386	392	486	488	193	209	173	177
DNA_27	274	276	305	321	423	429	192	198	263	265	160	170	353	355	448	448	300	304	378	384	394	406	478	478	187	195	165	173
DNA_28	274	276	305	313	425	433	198	202	263	265	150	160	363	363	448	448	300	312	380	382	408	410	468	474	191	201	159	175
DNA_29	276	278	313	321	407	431	198	208	263	271	156	164	355	359	448	448	306	310	386	386	386	400	480	482	189	207	179	179
DNA_3	274	274	317	323	419	425	196	200	263	267	162	162	357	361	448	448	300	310	384	388	408	418	476	480	191	195	173	175
DNA_30	274	274	311	325	423	437	192	196	263	275	162	164	351	357	448	448	300	310	364	378	394	410	478	480	185	193	167	171
DNA_31	274	278	303	325	413	433	196	200	265	267	164	164	355	361	448	448	300	304	382	386	386	410	472	486	189	193	171	173
DNA_32	274	274	315	321	427	431	194	202	263	271	156	158	351	353	448	448	300	310	378	386	390	412	476	476	193	195	165	171
DNA_33	274	276	315	321	?	?	194	202	265	269	154	164	355	363	448	448	302	310	380	384	398	412	?	?	189	197	169	177
DNA_34	274	286	311	329	419	427	198	198	265	271	164	164	351	363	448	448	300	308	380	384	394	406	460	486	197	197	173	177
DNA_35	274	274	303	325	419	427	196	206	265	273	160	164	349	355	448	448	300	314	356	380	404	412	476	480	185	195	173	177
DNA_36	274	274	305	325	433	449	194	198	267	273	162	162	349	353	448	448	300	318	382	386	410	410	476	484	181	195	173	177
DNA_37	274	274	305	305	419	427	202	204	263	265	164	164	347	363	448	448	300	316	378	386	388	390	454	472	189	195	167	175
DNA_38	274	276	307	325	419	419	198	200	265	269	156	156	349	357	448	448	312	316	378	384	386	396	478	486	189	191	173	179
DNA_39	274	276	303	319	419	419	200	206	259	267	160	164	349	349	448	448	300	300	382	386	386	414	478	478	189	207	173	177
DNA_4	274	276	305	327	425	425	202	206	263	271	150	164	355	357	?	?	300	310	388	388	386	400	476	476	191	197	173	175
DNA_40	274	274	323	325	421	433	196	198	265	267	158	164	355	355	448	448	302	314	366	372	386	410	484	506	171	191	173	173
DNA_41	274	276	317	325	421	429	208	214	261	265	164	164	349	357	448	448	310	310	380	384	394	412	480	506	185	189	177	179
DNA_42	274	274	307	311	429	447	204	208	265	265	160	164	353	363	448	448	310	314	372	376	406	414	478	482	191	195	177	179
DNA_43	274	276	303	311	423	433	198	202	263	267	164	164	349	361	448	448	306	318	386	386	386	394	474	488	185	193	179	181
DNA_44	276	276	305	323	419	433	198	200	261	261	154	156	353	353	448	448	300	314	384	386	388	408	476	482	189	193	165	173
DNA_45	276	276	311	313	419	439	194	208	265	267	168	168	361	369	448	448	316	318	380	384	392	396	456	486	185	191	177	185
DNA_46	274	276	311	323	421	431	196	210	273	275	164	164	353	373	448	448	300	306	380	380	386	412	476	482	195	201	173	173
DNA_47	274	276	323	325	417	447	194	196	261	267	162	166	347	357	448	448	300	310	382	384	386	396	476	476	181	195	171	181
DNA_48	274	274	321	323	419	447	200	204	267	269	154	162	349	359	448	448	300	312	378	386	386	386	474	482	191	191	167	177
DNA_49	274	274	311	311	419	435	200	204	251	263	158	158	349	361	448	448	300	302	374	384	390	410	478	478	189	189	171	179
DNA_5	274	276	303	325	421	433	196	206	261	265	164	164	353	375	448	448	306	310	376	390	388	406	422	476	187	193	167	179
DNA_50	274	274	311	313	409	425	198	206	265	267	156	162	351	355	448	448	300	308	374	384	396	396	486	490	187	217	159	169
DNA_51	274	274	309	321	419	429	198	200	267	269	150	154	355	355	448	448	314	316	382	388	394	412	464	490	191	211	161	173
DNA_52	274	278	311	325	429	429	198	200	261	269	162	162	353	357	448	448	300	310	376	384	390	402	476	478	193	197	171	185
DNA_53	274	274	321	327	407	423	200	204	249	265	164	164	351	357	448	448	306	310	374	382	394	412	454	476	193	197	177	183
DNA_54	274	278	323	329	409	427	196	200	261	265	162	162	353	357	448	448	308	310	356	380	386	412	484	488	189	197	171	183
DNA_55	274	276	307	329	429	433	196	200	261	273	162	164	353	353	448	448	308	318	368	388	386	412	470	472	193	195	165	175
DNA_56	274	284	315	327	419	431	198	200	265	271	162	164	353	355	448	448	300	314	378	388	394	408	478	480	185	191	171	179
DNA_57	274	276	323	325	419	431	194	198	261	269	162	164	353	373	448	448	306	312	382	386	386	414	474	486	187	203	159	167
DNA_58	274	276	305	327	419	425	200	206	265	267	162	164	355	359	448	448	302	310	356	376	392	416	482	484	187	187	161	177
DNA_59	274	274	305	319	407	435	206	208	263	265	164	168	349	359	448	448	302	302	382	384	398	410	458	502	199	201	165	173
DNA_6	274	276	307	323	421	435	194	200	261	273	166	166	349	363	448	448	304	306	356	380	386	410	476	482	185	193	179	183
DNA_60	276	276	303	311	407	433	196	202	259	271	162	162	351	359	448	448	302	308	378	390	412	418	486	490	191	193	171	177
DNA_61	274	278	305	325	425	425	196	202	265	273	162	164	353	353	448	448	306	310	370	388	386	410	472	478	187	193	171	171
DNA_62	274	274	315	317	419	425	196	202	265	265	158	164	357	359	448	448	308	316	384	388	386	408	484	496	189	189	173	173
DNA_63	274	274	323	325	419	427	196	200	263	267	162	164	351	357	448	448	310	314	?	?	?	?	476	480	185	199	179	179
DNA_64	274	274	319	331	427	429	194	202	263	265	156	164	349	353	448	448	300	310	372	378	386	394	480	484	187	201	165	183
DNA_65	274	278	321	327	425	429	198	202	267	267	158	164	361	367	448	448	302	310	380	382	386	406	478	486	173	195	177	183
DNA_66	274	274	307	315	419	433	202	202	261	267	162	164	349	373	448	448	300	312	368	384	388	388	478	482	197	199	173	173
DNA_67	274	274	311	323	425	435	200	210	263	265	158	164	351	359	448	448	?	?	368	384	386	396	476	478	185	193	171	173
DNA_68	274	274	311	325	419	431	196	202	247	271	150	150	351	359	448	448	310	314	378	378	386	414	478	480	187	199	167	177
DNA_69	274	274	309	327	419	433	202	202	267	273	156	162	349	353	448	448	304	312	372	390	396	412	476	478	185	193	159	167
DNA_7	274	274	311	321	419	429	196	196	267	273	162	164	353	357	448	448	300	302	376	384	386	396	472	482	187	193	165	177
DNA_70	274	278	303	319	419	425	194	204	255	271	150	158	349	353	448	448	308	314	356	386	386	386	478	480	189	193	173	175
DNA_71	274	276	311	329	419	437	196	200	263	267	154	164	355	357	448	448	300	310	372	376	388	408	472	476	185	193	173	175
DNA_72	274	274	319	331	409	429	200	202	265	271	162	164	349	353	448	448	300	306	374	382	406	408	472	486	187	201	181	183
DNA_73	274	276	315	325	419	419	196	206	267	273	162	164	353	357	448	448	300	300	372	382	386	386	474	478	195	201	159	173
DNA_74	274	276	313	327	419	431	194	204	265	267	160	164	351	373	448	448	300	310	378	382	406	412	478	484	197	199	175	185
DNA_75	274	274	307	315	413	419	198	200	265	267	162	164	343	355	448	448	302	310	384	384	388	394	454	482	197	199	171	179
DNA_76	274	274	307	311	407	435	194	198	263	265	154	156	357	365	448	448	302	308	384	388	394	396	474	474	187	187	175	181
DNA_77	274	276	311	325	419	427	196	202	?	?	162	164	349	373	448	448	302	306	386	392	390	390	476	476	187	199	173	181
DNA_78	274	278	313	321	421	437	198	202	265	269	162	164	355	363	448	448	310	312	382	384	386	418	484	486	181	187	159	177
DNA_79	274	276	303	321	425	433	194	200	267	267	162	162	349	359	448	448	310	310	378	386	386	406	462	468	191	205	171	171
DNA_8	276	276	311	325	429	431	198	206	247	261	160	164	353	359	448	448	310	322	374	380	386	402	464	480	185	189	177	177
DNA_80	276	276	307	323	419	429	192	200	265	265	164	164	353	361	448	448	310	322	376	384	386	388	476	480	201	205	173	177
DNA_81	274	276	305	311	431	433	200	202	263	265	156	164	351	355	448	448	314	314	384	388	388	392	476	476	181	187	159	173
DNA_82	274	276	311	329	419	427	196	200	269	273	154	164	349	349	448	448	308	310	376	384	386	390	470	474	193	193	175	181
DNA_83	274	276	311	327	407	427	196	204	261	265	154	162	351	357	448	448	306	310	378	384	394	396	478	512	191	207	169	173
DNA_84	276	276	321	325	419	427	198	200	265	267	158	164	355	361	448	448	310	312	372	382	386	412	452	482	185	189	173	177
DNA_85	274	280	323	329	419	429	196	198	261	267	164	164	355	359	448	448	300	300	382	382	386	394	478	480	185	191	167	177
DNA_86	274	276	319	321	407	433	184	208	271	273	162	162	349	369	448	448	312	316	358	380	396	404	446	482	191	197	173	173
DNA_87	276	276	315	321	409	419	198	204	267	267	164	164	353	353	448	448	300	312	382	384	410	412	472	492	189	203	171	175
DNA_88	274	274	309	313	423	429	196	200	267	271	162	164	345	353	448	448	306	312	374	386	386	386	470	474	163	197	171	173
DNA_89	276	278	303	311	425	433	184	200	263	265	150	156	353	353	448	448	298	300	384	388	388	394	490	508	193	199	167	179
DNA_9	270	276	303	311	431	433	200	204	263	265	156	162	353	357	448	448	300	314	356	356	396	402	468	484	193	197	?	?
DNA_90	274	274	325	331	427	429	198	200	267	269	164	164	351	353	448	448	300	300	382	384	404	408	464	506	193	201	175	175
DNA_91	274	274	303	305	421	429	194	204	265	271	154	164	355	359	448	448	300	312	380	388	386	408	478	494	185	187	171	175
DNA_92	274	274	313	331	421	425	196	200	267	269	160	162	355	355	448	448	300	310	382	388	386	412	478	490	191	197	177	179
DNA_93	274	276	313	313	409	419	200	204	261	265	158	164	355	361	448	448	302	312	356	386	386	388	478	488	187	189	165	173
DNA_94	274	274	305	311	409	429	192	202	263	265	158	162	353	361	448	448	300	310	378	382	392	410	478	486	189	197	173	173
DNA_95	274	274	311	313	425	431	198	200	269	275	164	164	355	359	448	448	310	310	368	370	396	412	474	480	187	197	173	181
DNA_96	274	276	311	329	409	437	194	196	263	273	164	164	359	363	448	448	300	302	378	384	394	408	466	482	189	189	171	173
DNA_97	274	276	311	325	407	419	200	206	267	269	160	162	357	359	448	448	300	310	382	388	406	410	506	506	185	185	171	173
DNA_98	274	276	303	329	431	439	196	206	263	267	164	164	349	353	448	448	302	310	376	386	386	386	484	488	179	185	177	185
DNA_99	274	274	319	327	419	433	198	202	263	265	158	164	355	359	448	448	314	318	386	390	386	396	468	472	187	199	167	171
